x = [[0, 1], [1, 0]]
z = [[1, 0], [0, -1]]
i = [[1, 0], [0, 1]]
h = [[0.7071067811865475, 0.7071067811865475], [0.7071067811865475, -0.7071067811865475]]
